990
913
577
516
497
479
474
429
406
383
375
366
357
343
328
323
321
317
313
309
304
291
287
283
272
269
267
262
255
238
224
199
195
194
194
178
172
171
158
157
154
152
152
150
141
136
126
116
116
116
116
114
110
108
107
102
101
100
100
100
98
97
96
96
93
92
92
90
83
82
79
79
79
79
79
79
79
79
79
79
79
79
79
79
79
79
79
79
79
79
79
79
79
79
79
79
79
79
79
79
79
79
79
79
79
79
79
79
79
79
79
79
79
79
79
79
79
79
79
79
79
79
79
79
79
79
79
79
79
79
79
79
79
79
79
79
79
79
79
79
79
79
79
79
79
79
79
79
79
79
79
79
79
78
78
78
77
72
72
71
70
69
69
68
67
66
66
65
59
58
58
58
57
54
54
53
51
49
49
49
48
47
46
45
45
44
44
44
44
43
43
43
42
41
41
41
40
39
38
37
36
36
36
35
35
35
35
34
34
33
33
32
32
32
32
31
31
31
31
31
30
30
29
28
28
27
27
27
27
27
27
27
26
26
26
25
25
25
25
24
24
24
24
23
23
23
23
23
23
23
23
23
22
21
21
21
20
20
20
19
19
19
19
14
14
14
14
14
12
11
11
11
11
10
9
8
8
6
6
6
4
2
